Python
Python
Java
Java
Python
